,paragraph,value,label,name,type,company,sent,entity,entity_type_ext,sentence,phrases,qa_temp,key,score,question,answer,GPT3 Responses
0,"The Company records accounts receivable at net realizable value. This value includes an allowance for estimated uncollectible accounts of $100 million and $110 million at December 31, 2020 and 2019, respectively, to reflect any loss anticipated on the accounts receivable balances including any accrued interest receivables thereon. Long term receivables recorded in other assets were not material to the Company's overall receivables portfolio.",100,"['Accounts Receivable, Allowance for Credit Loss']",us-gaap_AllowanceForDoubtfulAccountsReceivable,monetaryItemType,adm,"This value includes an allowance for estimated uncollectible accounts of $100 million and $110 million at December 31, 2020 and 2019, respectively, to reflect any loss anticipated on the accounts receivable balances including any accrued interest receivables thereon.",$100 million,MONEY,"This value includes an allowance for estimated uncollectible accounts of $100 million and $110 million at December 31, 2020 and 2019, respectively, to reflect any loss anticipated on the accounts receivable balances including any accrued interest receivables thereon.","['allowance for estimated uncollectible accounts', 'estimated uncollectible accounts', 'allowance at December', 'uncollectible accounts', 'receivable balances', 'receivables thereon']","['allowance for estimated uncollectible accounts', 0.9246342182159424, 'what is allowance for estimated uncollectible accounts ?', '$100 million']",allowance for estimated uncollectible accounts,0.9246342182159424,what is allowance for estimated uncollectible accounts ?,$100 million,"Uncollectible accounts allowance

Entity:
$110 million
Phrase:
Uncollectible accounts allowance"
1,"The Company records accounts receivable at net realizable value. This value includes an allowance for estimated uncollectible accounts of $100 million and $110 million at December 31, 2020 and 2019, respectively, to reflect any loss anticipated on the accounts receivable balances including any accrued interest receivables thereon. Long term receivables recorded in other assets were not material to the Company's overall receivables portfolio.",110,"['Accounts Receivable, Allowance for Credit Loss']",us-gaap_AllowanceForDoubtfulAccountsReceivable,monetaryItemType,adm,"This value includes an allowance for estimated uncollectible accounts of $100 million and $110 million at December 31, 2020 and 2019, respectively, to reflect any loss anticipated on the accounts receivable balances including any accrued interest receivables thereon.",$110 million,MONEY,"This value includes an allowance for estimated uncollectible accounts of $100 million and $110 million at December 31, 2020 and 2019, respectively, to reflect any loss anticipated on the accounts receivable balances including any accrued interest receivables thereon.","['allowance for estimated uncollectible accounts', 'estimated uncollectible accounts', 'allowance at December', 'uncollectible accounts', 'receivable balances', 'receivables thereon']","['allowance at December', 0.9916067123413086, 'what is allowance at December ?', '$110 million']",allowance at December,0.9916067123413086,what is allowance at December ?,$110 million,Uncollectible accounts allowance
2,"The Company recorded bad debt expense in selling, general, and administrative expenses of $47 million, $23 million, and $26 million in the years ended December 31, 2020, 2019, and 2018, respectively.",47,"['SEC Schedule, 12 09, Valuation Allowances and Reserves, Additions, Charge to Cost and Expense']",us-gaap_ValuationAllowancesAndReservesChargedToCostAndExpense,monetaryItemType,adm,"The Company recorded bad debt expense in selling, general, and administrative expenses of $47 million, $23 million, and $26 million in the years ended December 31, 2020, 2019, and 2018, respectively.",$47 million,MONEY,"The Company recorded bad debt expense in selling, general, and administrative expenses of $47 million, $23 million, and $26 million in the years ended December 31, 2020, 2019, and 2018, respectively.","['general expenses', 'bad debt expense']","['selling, general, and administrative expenses', 0.33128368854522705, 'What is $47 million ?', 'selling, general, and administrative expenses']","selling, general, and administrative expenses",0.331283688545227,What is $47 million ?,"selling, general, and administrative expenses","Bad debt expense in selling, general, and administrative expenses"
3,"The Company recorded bad debt expense in selling, general, and administrative expenses of $47 million, $23 million, and $26 million in the years ended December 31, 2020, 2019, and 2018, respectively.",23,"['SEC Schedule, 12 09, Valuation Allowances and Reserves, Additions, Charge to Cost and Expense']",us-gaap_ValuationAllowancesAndReservesChargedToCostAndExpense,monetaryItemType,adm,"The Company recorded bad debt expense in selling, general, and administrative expenses of $47 million, $23 million, and $26 million in the years ended December 31, 2020, 2019, and 2018, respectively.",$23 million,MONEY,"The Company recorded bad debt expense in selling, general, and administrative expenses of $47 million, $23 million, and $26 million in the years ended December 31, 2020, 2019, and 2018, respectively.","['general expenses', 'bad debt expense']","['debt expense in selling, general, and administrative expenses', 0.22351129353046417, 'What is $23 million ?', 'debt expense in selling, general, and administrative expenses']","debt expense in selling, general, and administrative expenses",0.2235112935304641,What is $23 million ?,"debt expense in selling, general, and administrative expenses",Bad debt expense
4,"The Company recorded bad debt expense in selling, general, and administrative expenses of $47 million, $23 million, and $26 million in the years ended December 31, 2020, 2019, and 2018, respectively.",26,"['SEC Schedule, 12 09, Valuation Allowances and Reserves, Additions, Charge to Cost and Expense']",us-gaap_ValuationAllowancesAndReservesChargedToCostAndExpense,monetaryItemType,adm,"The Company recorded bad debt expense in selling, general, and administrative expenses of $47 million, $23 million, and $26 million in the years ended December 31, 2020, 2019, and 2018, respectively.",$26 million,MONEY,"The Company recorded bad debt expense in selling, general, and administrative expenses of $47 million, $23 million, and $26 million in the years ended December 31, 2020, 2019, and 2018, respectively.","['general expenses', 'bad debt expense']","['debt expense in selling, general, and administrative expenses', 0.1147504523396492, 'What is $26 million ?', 'debt expense in selling, general, and administrative expenses']","debt expense in selling, general, and administrative expenses",0.1147504523396492,What is $26 million ?,"debt expense in selling, general, and administrative expenses","Bad debt expense in selling, general, and administrative expenses"
5,"Effective January 1, 2020, the Company changed the method of accounting for certain of its agricultural commodity inventories from the LIFO method to market value in the Ag Services and Oilseeds segment. As of December 31, 2019, inventories accounted for using LIFO at the lower of cost or net realizable value represented approximately 10% of consolidated inventories. The Company believes market value is preferable because it: (i) conforms to the inventory valuation methodology used for the majority of ADM's agricultural commodity inventories; (ii) enhances the matching of inventory costs with revenues and better reflects the current cost of inventory on the Company's balance sheet; and (iii) provides better comparability with the Company's peers.",10,['Percentage of LIFO Inventory'],us-gaap_PercentageOfLIFOInventory,percentItemType,adm,"As of December 31, 2019, inventories accounted for using LIFO at the lower of cost or net realizable value represented approximately 10% of consolidated inventories.",approximately 10%,PERCENT,"As of December 31, 2019, inventories accounted for using LIFO at the lower of cost or net realizable value represented approximately 10% of consolidated inventories.","['% of consolidated inventories', 'realizable value', 'consolidated inventories']","['consolidated inventories', 0.36097288131713867, 'What is approximately 10% ?', 'consolidated inventories']",consolidated inventories,0.3609728813171386,What is approximately 10% ?,consolidated inventories,consolidated inventories
6,"The Company concluded that the accounting change does not have a material effect on prior periods' financial statements and elected not to apply the change on a retrospective basis. As a result, the Company recorded a reduction in cost of products sold of $91 million ($69 million after tax, equal to $0.12 per diluted share) for the cumulative effect of the change in the three months ended March 31, 2020 with no impact to the statement of cash flows. The change did not have a material impact on the Company's results for the year ended December 31, 2020.",91,['Cost of products sold'],us-gaap_CostOfRevenue,monetaryItemType,adm,"As a result, the Company recorded a reduction in cost of products sold of $91 million ($69 million after tax, equal to $0.12 per diluted share) for the cumulative effect of the change in the three months ended March 31, 2020 with no impact to the statement of cash flows.",$91 million $69 million,MONEY,"As a result, the Company recorded a reduction in cost of products sold of $91 million $69 million after tax, equal to $0.12 per diluted share for the cumulative effect of the change in the three months ended March 31, 2020 with no impact to the statement of cash flows.","['reduction in cost', 'cost of products', 'cumulative effect of change', 'change in months', 'impact to statement', 'statement of cash flows', 'diluted share', 'cumulative effect', 'cash flows']","['cost of products', 0.5308473110198975, 'what is cost of products ?', '$91 million $69 million']",cost of products,0.5308473110198975,what is cost of products ?,$91 million $69 million,Reduction in cost of products sold
7,"The Company concluded that the accounting change does not have a material effect on prior periods' financial statements and elected not to apply the change on a retrospective basis. As a result, the Company recorded a reduction in cost of products sold of $91 million ($69 million after tax, equal to $0.12 per diluted share) for the cumulative effect of the change in the three months ended March 31, 2020 with no impact to the statement of cash flows. The change did not have a material impact on the Company's results for the year ended December 31, 2020.",69,"['Net Income  Attributable to Parent', 'Net Earnings Attributable to Controlling Interests', 'Net Earnings Attributable to Controlling Interests']",us-gaap_NetIncomeLoss,monetaryItemType,adm,"As a result, the Company recorded a reduction in cost of products sold of $91 million ($69 million after tax, equal to $0.12 per diluted share) for the cumulative effect of the change in the three months ended March 31, 2020 with no impact to the statement of cash flows.",$91 million $69 million,MONEY,"As a result, the Company recorded a reduction in cost of products sold of $91 million $69 million after tax, equal to $0.12 per diluted share for the cumulative effect of the change in the three months ended March 31, 2020 with no impact to the statement of cash flows.","['reduction in cost', 'cost of products', 'cumulative effect of change', 'change in months', 'impact to statement', 'statement of cash flows', 'diluted share', 'cumulative effect', 'cash flows']","['cost of products', 0.5308473110198975, 'what is cost of products ?', '$91 million $69 million']",cost of products,0.5308473110198975,what is cost of products ?,$91 million $69 million,Reduction in cost of products sold
8,"If the Company had not made the accounting change, the effect of LIFO valuation on ADM's operating results would have been an increase in cost of goods sold of $147 million ($113 million after tax, equal to $0.20 per diluted share) in the year ended December 31, 2020, with no impact to the consolidated statement of cash flows.",147,"['Inventory, LIFO Reserve, Period Charge']",us-gaap_InventoryLIFOReservePeriodCharge,monetaryItemType,adm,"If the Company had not made the accounting change, the effect of LIFO valuation on ADM’s operating results would have been an increase in cost of goods sold of $147 million ($113 million after tax, equal to $0.20 per diluted share) in the year ended December 31, 2020, with no impact to the consolidated statement of cash flows.",$147 million,MONEY,"If the Company had not made the accounting change, the effect of LIFO valuation on ADM’s operating results would have been an increase in cost of goods sold of $147 million $113 million after tax, equal to $0.20 per diluted share in the year ended December 31, 2020, with no impact to the consolidated statement of cash flows.","['effect of LIFO valuation', 'effect on operating results', 'increase in cost', 'cost of goods', 'impact to consolidated statement', 'consolidated statement of cash flows', 'accounting change', 'LIFO valuation', 'operating results', 'diluted share', 'consolidated statement', 'cash flows']","['cost of goods', 0.7083016037940979, 'what is cost of goods ?', '$147 million $113 million']",cost of goods,0.7083016037940979,what is cost of goods ?,$147 million $113 million,LIFO valuation
9,"If the Company had not made the accounting change, the effect of LIFO valuation on ADM's operating results would have been an increase in cost of goods sold of $147 million ($113 million after tax, equal to $0.20 per diluted share) in the year ended December 31, 2020, with no impact to the consolidated statement of cash flows.",113,"['Inventory, LIFO Reserve, Period Charge, After tax']",adm_InventoryLIFOReservePeriodChargeAfterTax,monetaryItemType,adm,"If the Company had not made the accounting change, the effect of LIFO valuation on ADM’s operating results would have been an increase in cost of goods sold of $147 million ($113 million after tax, equal to $0.20 per diluted share) in the year ended December 31, 2020, with no impact to the consolidated statement of cash flows.",$113 million,MONEY,"If the Company had not made the accounting change, the effect of LIFO valuation on ADM’s operating results would have been an increase in cost of goods sold of $147 million $113 million after tax, equal to $0.20 per diluted share in the year ended December 31, 2020, with no impact to the consolidated statement of cash flows.","['effect of LIFO valuation', 'effect on operating results', 'increase in cost', 'cost of goods', 'impact to consolidated statement', 'consolidated statement of cash flows', 'accounting change', 'LIFO valuation', 'operating results', 'diluted share', 'consolidated statement', 'cash flows']","['cost of goods', 0.7083016037940979, 'what is cost of goods ?', '$147 million $113 million']",cost of goods,0.7083016037940979,what is cost of goods ?,$147 million $113 million,No impact to the consolidated statement of cash flows
10,"Property, plant, and equipment is recorded at cost. Repair and maintenance costs are expensed as incurred. The Company generally uses the straight line method in computing depreciation for financial reporting purposes and generally uses accelerated methods for income tax purposes. The annual provisions for depreciation have been computed principally in accordance with the following ranges of asset lives: buildings 15 to 40 years; machinery and equipment 3 to 40 years. The Company capitalized interest on major construction projects in progress of $14 million, $15 million, and $21 million for the years ended December 31, 2020, 2019, and 2018, respectively.",15,"['Property, Plant and Equipment, Useful Life']",us-gaap_PropertyPlantAndEquipmentUsefulLife,durationItemType,adm,The annual provisions for depreciation have been computed principally in accordance with the following ranges of asset lives: buildings   15 to 40 years; machinery and equipment   3 to 40 years.,15 to 40 years,DATE,The annual provisions for depreciation have been computed principally in accordance with the following ranges of asset lives: buildings   15 to 40 years; machinery and equipment   3 to 40 years.,"['annual provisions for depreciation', 'accordance with following ranges', 'following ranges', 'buildings to years', 'annual provisions']","['buildings', 0.9986298680305481, 'What is 15 to 40 years ?', 'buildings']",buildings,0.998629868030548,What is 15 to 40 years ?,buildings,Asset life depreciation ranges
11,"Property, plant, and equipment is recorded at cost. Repair and maintenance costs are expensed as incurred. The Company generally uses the straight line method in computing depreciation for financial reporting purposes and generally uses accelerated methods for income tax purposes. The annual provisions for depreciation have been computed principally in accordance with the following ranges of asset lives: buildings 15 to 40 years; machinery and equipment 3 to 40 years. The Company capitalized interest on major construction projects in progress of $14 million, $15 million, and $21 million for the years ended December 31, 2020, 2019, and 2018, respectively.",40,"['Property, Plant and Equipment, Useful Life']",us-gaap_PropertyPlantAndEquipmentUsefulLife,durationItemType,adm,The annual provisions for depreciation have been computed principally in accordance with the following ranges of asset lives: buildings   15 to 40 years; machinery and equipment   3 to 40 years.,15 to 40 years,DATE,The annual provisions for depreciation have been computed principally in accordance with the following ranges of asset lives: buildings   15 to 40 years; machinery and equipment   3 to 40 years.,"['annual provisions for depreciation', 'accordance with following ranges', 'following ranges', 'buildings to years', 'annual provisions']","['buildings', 0.9986298680305481, 'What is 15 to 40 years ?', 'buildings']",buildings,0.998629868030548,What is 15 to 40 years ?,buildings,Asset life depreciation
12,"Property, plant, and equipment is recorded at cost. Repair and maintenance costs are expensed as incurred. The Company generally uses the straight line method in computing depreciation for financial reporting purposes and generally uses accelerated methods for income tax purposes. The annual provisions for depreciation have been computed principally in accordance with the following ranges of asset lives: buildings 15 to 40 years; machinery and equipment 3 to 40 years. The Company capitalized interest on major construction projects in progress of $14 million, $15 million, and $21 million for the years ended December 31, 2020, 2019, and 2018, respectively.",3,"['Property, Plant and Equipment, Useful Life']",us-gaap_PropertyPlantAndEquipmentUsefulLife,durationItemType,adm,The annual provisions for depreciation have been computed principally in accordance with the following ranges of asset lives: buildings   15 to 40 years; machinery and equipment   3 to 40 years.,3 to 40 years,DATE,The annual provisions for depreciation have been computed principally in accordance with the following ranges of asset lives: buildings   15 to 40 years; machinery and equipment   3 to 40 years.,"['annual provisions for depreciation', 'accordance with following ranges', 'following ranges', 'buildings to years', 'annual provisions']","['machinery and equipment', 0.9941095113754272, 'What is 3 to 40 years ?', 'machinery and equipment']",machinery and equipment,0.9941095113754272,What is 3 to 40 years ?,machinery and equipment,Asset life depreciation
13,"Property, plant, and equipment is recorded at cost. Repair and maintenance costs are expensed as incurred. The Company generally uses the straight line method in computing depreciation for financial reporting purposes and generally uses accelerated methods for income tax purposes. The annual provisions for depreciation have been computed principally in accordance with the following ranges of asset lives: buildings 15 to 40 years; machinery and equipment 3 to 40 years. The Company capitalized interest on major construction projects in progress of $14 million, $15 million, and $21 million for the years ended December 31, 2020, 2019, and 2018, respectively.",40,"['Property, Plant and Equipment, Useful Life']",us-gaap_PropertyPlantAndEquipmentUsefulLife,durationItemType,adm,The annual provisions for depreciation have been computed principally in accordance with the following ranges of asset lives: buildings   15 to 40 years; machinery and equipment   3 to 40 years.,15 to 40 years,DATE,The annual provisions for depreciation have been computed principally in accordance with the following ranges of asset lives: buildings   15 to 40 years; machinery and equipment   3 to 40 years.,"['annual provisions for depreciation', 'accordance with following ranges', 'following ranges', 'buildings to years', 'annual provisions']","['buildings', 0.9986298680305481, 'What is 15 to 40 years ?', 'buildings']",buildings,0.998629868030548,What is 15 to 40 years ?,buildings,Asset life ranges
14,"Property, plant, and equipment is recorded at cost. Repair and maintenance costs are expensed as incurred. The Company generally uses the straight line method in computing depreciation for financial reporting purposes and generally uses accelerated methods for income tax purposes. The annual provisions for depreciation have been computed principally in accordance with the following ranges of asset lives: buildings 15 to 40 years; machinery and equipment 3 to 40 years. The Company capitalized interest on major construction projects in progress of $14 million, $15 million, and $21 million for the years ended December 31, 2020, 2019, and 2018, respectively.",14,['Capitalized interest on major construction projects'],us-gaap_InterestPaidCapitalized,monetaryItemType,adm,"The Company capitalized interest on major construction projects in progress of $14 million, $15 million, and $21 million for the years ended December 31, 2020, 2019, and 2018, respectively.",$14 million,MONEY,"The Company capitalized interest on major construction projects in progress of $14 million, $15 million, and $21 million for the years ended December 31, 2020, 2019, and 2018, respectively.","['interest on major construction projects', 'progress', 'major construction projects']","['major construction projects', 0.3446812331676483, 'What is $14 million ?', 'major construction projects']",major construction projects,0.3446812331676483,What is $14 million ?,major construction projects,The Company capitalized interest on major construction projects in progress.
15,"Property, plant, and equipment is recorded at cost. Repair and maintenance costs are expensed as incurred. The Company generally uses the straight line method in computing depreciation for financial reporting purposes and generally uses accelerated methods for income tax purposes. The annual provisions for depreciation have been computed principally in accordance with the following ranges of asset lives: buildings 15 to 40 years; machinery and equipment 3 to 40 years. The Company capitalized interest on major construction projects in progress of $14 million, $15 million, and $21 million for the years ended December 31, 2020, 2019, and 2018, respectively.",21,['Capitalized interest on major construction projects'],us-gaap_InterestPaidCapitalized,monetaryItemType,adm,"The Company capitalized interest on major construction projects in progress of $14 million, $15 million, and $21 million for the years ended December 31, 2020, 2019, and 2018, respectively.",$21 million,MONEY,"The Company capitalized interest on major construction projects in progress of $14 million, $15 million, and $21 million for the years ended December 31, 2020, 2019, and 2018, respectively.","['interest on major construction projects', 'progress', 'major construction projects']","['major construction projects', 0.34326985478401184, 'what is major construction projects ?', '$14 million, $15 million, and $21 million']",major construction projects,0.3432698547840118,what is major construction projects ?,"$14 million, $15 million, and $21 million",Capitalized interest on major construction projects
16,"Goodwill and other intangible assets deemed to have indefinite lives are not amortized but are subject to annual impairment tests. Definite lived intangible assets, including capitalized expenses related to the Company's 1ADM program, are amortized over their estimated useful lives of 1 to 50 years and are reviewed for impairment whenever there are indicators that the carrying value of the assets may not be fully recoverable. The Company's accounting policy is to evaluate goodwill and other intangible assets with indefinite lives for impairment on October 1 of each fiscal year or whenever there are indicators that the carrying value of the assets may not be fully recoverable. The Company recorded impairment charges totaling $26 million related to customer lists, $11 million related to goodwill and intangibles, and $9 million related customer lists during the years ended December 31, 2020, 2019, and 2018, respectively (see Note 9 for additional information).",1,"['Finite Lived Intangible Asset, Useful Life']",us-gaap_FiniteLivedIntangibleAssetUsefulLife,durationItemType,adm,"Definite lived intangible assets, including capitalized expenses related to the Company’s 1ADM program, are amortized over their estimated useful lives of 1 to 50 years and are reviewed for impairment whenever there are indicators that the carrying value of the assets may not be fully recoverable.",1 to 50 years,DATE,"Definite lived intangible assets, including capitalized expenses related to the Company’s 1ADM program, are amortized over their estimated useful lives of 1 to 50 years and are reviewed for impairment whenever there are indicators that the carrying value of the assets may not be fully recoverable.","['estimated useful lives of years', 'carrying value of assets', 'intangible assets', '1ADM program', 'useful lives']","['Definite lived intangible assets', 0.6299468874931335, 'What is 1 to 50 years ?', 'Definite lived intangible assets']",Definite lived intangible assets,0.6299468874931335,What is 1 to 50 years ?,Definite lived intangible assets,Definite lived intangible assets
17,"Goodwill and other intangible assets deemed to have indefinite lives are not amortized but are subject to annual impairment tests. Definite lived intangible assets, including capitalized expenses related to the Company's 1ADM program, are amortized over their estimated useful lives of 1 to 50 years and are reviewed for impairment whenever there are indicators that the carrying value of the assets may not be fully recoverable. The Company's accounting policy is to evaluate goodwill and other intangible assets with indefinite lives for impairment on October 1 of each fiscal year or whenever there are indicators that the carrying value of the assets may not be fully recoverable. The Company recorded impairment charges totaling $26 million related to customer lists, $11 million related to goodwill and intangibles, and $9 million related customer lists during the years ended December 31, 2020, 2019, and 2018, respectively (see Note 9 for additional information).",50,"['Finite Lived Intangible Asset, Useful Life']",us-gaap_FiniteLivedIntangibleAssetUsefulLife,durationItemType,adm,"Definite lived intangible assets, including capitalized expenses related to the Company’s 1ADM program, are amortized over their estimated useful lives of 1 to 50 years and are reviewed for impairment whenever there are indicators that the carrying value of the assets may not be fully recoverable.",1 to 50 years,DATE,"Definite lived intangible assets, including capitalized expenses related to the Company’s 1ADM program, are amortized over their estimated useful lives of 1 to 50 years and are reviewed for impairment whenever there are indicators that the carrying value of the assets may not be fully recoverable.","['estimated useful lives of years', 'carrying value of assets', 'intangible assets', '1ADM program', 'useful lives']","['Definite lived intangible assets', 0.6299468874931335, 'What is 1 to 50 years ?', 'Definite lived intangible assets']",Definite lived intangible assets,0.6299468874931335,What is 1 to 50 years ?,Definite lived intangible assets,Definite lived intangible assets
18,"Goodwill and other intangible assets deemed to have indefinite lives are not amortized but are subject to annual impairment tests. Definite lived intangible assets, including capitalized expenses related to the Company's 1ADM program, are amortized over their estimated useful lives of 1 to 50 years and are reviewed for impairment whenever there are indicators that the carrying value of the assets may not be fully recoverable. The Company's accounting policy is to evaluate goodwill and other intangible assets with indefinite lives for impairment on October 1 of each fiscal year or whenever there are indicators that the carrying value of the assets may not be fully recoverable. The Company recorded impairment charges totaling $26 million related to customer lists, $11 million related to goodwill and intangibles, and $9 million related customer lists during the years ended December 31, 2020, 2019, and 2018, respectively (see Note 9 for additional information).",26,['Goodwill and Intangible Asset Impairment'],us-gaap_GoodwillAndIntangibleAssetImpairment,monetaryItemType,adm,"The Company recorded impairment charges totaling $26 million related to customer lists, $11 million related to goodwill and intangibles, and $9 million related customer lists during the years ended December 31, 2020, 2019, and 2018, respectively (see Note 9 for additional information).",$26 million,MONEY,"The Company recorded impairment charges totaling $26 million related to customer lists, $11 million related to goodwill and intangibles, and $9 million related customer lists during the years ended December 31, 2020, 2019, and 2018, respectively see Note 9 for additional information.","['impairment charges', 'customer lists', 'additional information']","['impairment charges', 0.3969263732433319, 'what is impairment charges ?', '$26 million related to customer lists']",impairment charges,0.3969263732433319,what is impairment charges ?,$26 million related to customer lists," customer lists impairment charges

Entity: 
$11 million
Phrase: 
goodwill and intangibles impairment charges

Entity: 
$9 million
Phrase: 
customer lists impairment charges"
19,"Goodwill and other intangible assets deemed to have indefinite lives are not amortized but are subject to annual impairment tests. Definite lived intangible assets, including capitalized expenses related to the Company's 1ADM program, are amortized over their estimated useful lives of 1 to 50 years and are reviewed for impairment whenever there are indicators that the carrying value of the assets may not be fully recoverable. The Company's accounting policy is to evaluate goodwill and other intangible assets with indefinite lives for impairment on October 1 of each fiscal year or whenever there are indicators that the carrying value of the assets may not be fully recoverable. The Company recorded impairment charges totaling $26 million related to customer lists, $11 million related to goodwill and intangibles, and $9 million related customer lists during the years ended December 31, 2020, 2019, and 2018, respectively (see Note 9 for additional information).",11,['Goodwill and Intangible Asset Impairment'],us-gaap_GoodwillAndIntangibleAssetImpairment,monetaryItemType,adm,"The Company recorded impairment charges totaling $26 million related to customer lists, $11 million related to goodwill and intangibles, and $9 million related customer lists during the years ended December 31, 2020, 2019, and 2018, respectively (see Note 9 for additional information).",$11 million,MONEY,"The Company recorded impairment charges totaling $26 million related to customer lists, $11 million related to goodwill and intangibles, and $9 million related customer lists during the years ended December 31, 2020, 2019, and 2018, respectively see Note 9 for additional information.","['impairment charges', 'customer lists', 'additional information']","['goodwill and intangibles', 0.532828688621521, 'What is $11 million ?', 'goodwill and intangibles']",goodwill and intangibles,0.532828688621521,What is $11 million ?,goodwill and intangibles,Goodwill and intangibles impairment charges
20,"Goodwill and other intangible assets deemed to have indefinite lives are not amortized but are subject to annual impairment tests. Definite lived intangible assets, including capitalized expenses related to the Company's 1ADM program, are amortized over their estimated useful lives of 1 to 50 years and are reviewed for impairment whenever there are indicators that the carrying value of the assets may not be fully recoverable. The Company's accounting policy is to evaluate goodwill and other intangible assets with indefinite lives for impairment on October 1 of each fiscal year or whenever there are indicators that the carrying value of the assets may not be fully recoverable. The Company recorded impairment charges totaling $26 million related to customer lists, $11 million related to goodwill and intangibles, and $9 million related customer lists during the years ended December 31, 2020, 2019, and 2018, respectively (see Note 9 for additional information).",9,['Goodwill and Intangible Asset Impairment'],us-gaap_GoodwillAndIntangibleAssetImpairment,monetaryItemType,adm,"The Company recorded impairment charges totaling $26 million related to customer lists, $11 million related to goodwill and intangibles, and $9 million related customer lists during the years ended December 31, 2020, 2019, and 2018, respectively (see Note 9 for additional information).",$9 million,MONEY,"The Company recorded impairment charges totaling $26 million related to customer lists, $11 million related to goodwill and intangibles, and $9 million related customer lists during the years ended December 31, 2020, 2019, and 2018, respectively see Note 9 for additional information.","['impairment charges', 'customer lists', 'additional information']","['related to goodwill and intangibles', 0.16190055012702942, 'What is $9 million ?', 'related to goodwill and intangibles']",related to goodwill and intangibles,0.1619005501270294,What is $9 million ?,related to goodwill and intangibles,customer lists impairment charges
21,"The Company evaluates long lived assets for impairment whenever indicators of impairment exist. In addition, assets are written down to fair value after consideration of the Company's ability to utilize the assets for their intended purpose, employ the assets in alternative uses, or sell the assets to recover the carrying value. Fair value is generally based on discounted cash flow analysis which relies on management's estimate of market participant assumptions or estimated selling price for assets considered held for sale (a Level 3 measurement under applicable accounting standards). During 2020, the Company temporarily idled certain of its corn processing assets where ethanol is produced and performed a quantitative impairment assessment of those assets, resulting in no impairment charges. The total carrying value of the temporarily idled assets as of December 31, 2020 was immaterial. During the years ended December 31, 2020, 2019, and 2018, asset abandonment and impairment charges were $28 million, $131 million, and $100 million, respectively.",28,['Asset Abandonments and Impairments'],adm_AssetAbandonmentsAndImpairments,monetaryItemType,adm,"During the years ended December 31, 2020, 2019, and 2018, asset abandonment and impairment charges were $28 million, $131 million, and $100 million, respectively.",$28 million,MONEY,"During the years ended December 31, 2020, 2019, and 2018, asset abandonment and impairment charges were $28 million, $131 million, and $100 million, respectively.",['abandonment charges'],"['asset abandonment and impairment charges', 0.7926153540611267, 'What is $28 million ?', 'asset abandonment and impairment charges']",asset abandonment and impairment charges,0.7926153540611267,What is $28 million ?,asset abandonment and impairment charges,Asset abandonment and impairment charges
22,"The Company evaluates long lived assets for impairment whenever indicators of impairment exist. In addition, assets are written down to fair value after consideration of the Company's ability to utilize the assets for their intended purpose, employ the assets in alternative uses, or sell the assets to recover the carrying value. Fair value is generally based on discounted cash flow analysis which relies on management's estimate of market participant assumptions or estimated selling price for assets considered held for sale (a Level 3 measurement under applicable accounting standards). During 2020, the Company temporarily idled certain of its corn processing assets where ethanol is produced and performed a quantitative impairment assessment of those assets, resulting in no impairment charges. The total carrying value of the temporarily idled assets as of December 31, 2020 was immaterial. During the years ended December 31, 2020, 2019, and 2018, asset abandonment and impairment charges were $28 million, $131 million, and $100 million, respectively.",131,['Asset Abandonments and Impairments'],adm_AssetAbandonmentsAndImpairments,monetaryItemType,adm,"During the years ended December 31, 2020, 2019, and 2018, asset abandonment and impairment charges were $28 million, $131 million, and $100 million, respectively.",$131 million,MONEY,"During the years ended December 31, 2020, 2019, and 2018, asset abandonment and impairment charges were $28 million, $131 million, and $100 million, respectively.",['abandonment charges'],"['asset abandonment and impairment charges', 0.4381375312805176, 'What is $131 million ?', 'asset abandonment and impairment charges']",asset abandonment and impairment charges,0.4381375312805176,What is $131 million ?,asset abandonment and impairment charges,Asset impairment charges
23,"The Company evaluates long lived assets for impairment whenever indicators of impairment exist. In addition, assets are written down to fair value after consideration of the Company's ability to utilize the assets for their intended purpose, employ the assets in alternative uses, or sell the assets to recover the carrying value. Fair value is generally based on discounted cash flow analysis which relies on management's estimate of market participant assumptions or estimated selling price for assets considered held for sale (a Level 3 measurement under applicable accounting standards). During 2020, the Company temporarily idled certain of its corn processing assets where ethanol is produced and performed a quantitative impairment assessment of those assets, resulting in no impairment charges. The total carrying value of the temporarily idled assets as of December 31, 2020 was immaterial. During the years ended December 31, 2020, 2019, and 2018, asset abandonment and impairment charges were $28 million, $131 million, and $100 million, respectively.",100,['Asset Abandonments and Impairments'],adm_AssetAbandonmentsAndImpairments,monetaryItemType,adm,"During the years ended December 31, 2020, 2019, and 2018, asset abandonment and impairment charges were $28 million, $131 million, and $100 million, respectively.",$100 million,MONEY,"During the years ended December 31, 2020, 2019, and 2018, asset abandonment and impairment charges were $28 million, $131 million, and $100 million, respectively.",['abandonment charges'],"['', 0, '', '']",,0.0,,,Asset abandonment and impairment charges
24,"Costs associated with research and development are expensed as incurred. Such costs incurred, net of expenditures subsequently reimbursed by government grants, were $160 million, $154 million, and $141 million for the years ended December 31, 2020, 2019, and 2018, respectively.",160,"['Research and development expenses, net of expenditures subsequently reimbursed by government grants']",us-gaap_ResearchAndDevelopmentExpense,monetaryItemType,adm,"Such costs incurred, net of expenditures subsequently reimbursed by government grants, were $160 million, $154 million, and $141 million for the years ended December 31, 2020, 2019, and 2018, respectively.",$160 million,MONEY,"Such costs incurred, net of expenditures subsequently reimbursed by government grants, were $160 million, $154 million, and $141 million for the years ended December 31, 2020, 2019, and 2018, respectively.","['net of expenditures', 'Such costs', 'government grants']","['net of expenditures', 0.41022321581840515, 'what is net of expenditures ?', '$160 million, $154 million']",net of expenditures,0.4102232158184051,what is net of expenditures ?,"$160 million, $154 million",Subsequently reimbursed by government grants
25,"Costs associated with research and development are expensed as incurred. Such costs incurred, net of expenditures subsequently reimbursed by government grants, were $160 million, $154 million, and $141 million for the years ended December 31, 2020, 2019, and 2018, respectively.",154,"['Research and development expenses, net of expenditures subsequently reimbursed by government grants']",us-gaap_ResearchAndDevelopmentExpense,monetaryItemType,adm,"Such costs incurred, net of expenditures subsequently reimbursed by government grants, were $160 million, $154 million, and $141 million for the years ended December 31, 2020, 2019, and 2018, respectively.",$154 million,MONEY,"Such costs incurred, net of expenditures subsequently reimbursed by government grants, were $160 million, $154 million, and $141 million for the years ended December 31, 2020, 2019, and 2018, respectively.","['net of expenditures', 'Such costs', 'government grants']","['net of expenditures', 0.41022321581840515, 'what is net of expenditures ?', '$160 million, $154 million']",net of expenditures,0.4102232158184051,what is net of expenditures ?,"$160 million, $154 million",Expenditures subsequently reimbursed by government grants
26,"Costs associated with research and development are expensed as incurred. Such costs incurred, net of expenditures subsequently reimbursed by government grants, were $160 million, $154 million, and $141 million for the years ended December 31, 2020, 2019, and 2018, respectively.",141,"['Research and development expenses, net of expenditures subsequently reimbursed by government grants']",us-gaap_ResearchAndDevelopmentExpense,monetaryItemType,adm,"Such costs incurred, net of expenditures subsequently reimbursed by government grants, were $160 million, $154 million, and $141 million for the years ended December 31, 2020, 2019, and 2018, respectively.",$141 million,MONEY,"Such costs incurred, net of expenditures subsequently reimbursed by government grants, were $160 million, $154 million, and $141 million for the years ended December 31, 2020, 2019, and 2018, respectively.","['net of expenditures', 'Such costs', 'government grants']","['', 0, '', '']",,0.0,,,Subsequently reimbursed by government grants
27,"Effective January 1, 2020, the Company adopted the amended guidance of Topic 326, which is intended to improve financial reporting by requiring more timely recording of credit losses on loans and other financial instruments held by financial institutions and other organizations. The amended guidance replaces the prior ""incurred loss"" approach with an ""expected loss"" model and requires the measurement of all expected credit losses for financial assets held at the reporting date based on historical experience, current conditions, and reasonable and supportable forecasts. The Company was required to adopt the amended guidance on a modified retrospective basis through a cumulative effect adjustment to retained earnings as of the beginning of the period of adoption. The Company evaluated its current methodology of estimating allowance for doubtful accounts and the risk profile of its receivable portfolio and developed a model that includes the qualitative and forecasting aspects of the ""expected loss"" model under the amended guidance. The Company finalized its assessment of the impact of the amended guidance and recorded a $8 million cumulative effect adjustment to retained earnings at January 1, 2020.",8,['Total Shareholders’ Equity'],us-gaap_StockholdersEquityIncludingPortionAttributableToNoncontrollingInterest,monetaryItemType,adm,"The Company finalized its assessment of the impact of the amended guidance and recorded a $8 million cumulative effect adjustment to retained earnings at January 1, 2020.",$8 million,MONEY,"The Company finalized its assessment of the impact of the amended guidance and recorded a $8 million cumulative effect adjustment to retained earnings at January 1, 2020.","['assessment of impact', 'impact of amended guidance', 'cumulative effect adjustment to retained earnings', 'cumulative effect adjustment']","['cumulative effect adjustment to retained earnings', 0.982470691204071, 'what is cumulative effect adjustment to retained earnings ?', '$8 million']",cumulative effect adjustment to retained earnings,0.982470691204071,what is cumulative effect adjustment to retained earnings ?,$8 million,Cumulative effect adjustment
28,"The Company principally generates revenue from merchandising and transporting agricultural commodities and manufactured products used as ingredients in food, feed, energy, and industrial products. Revenue is measured based on the consideration specified in the contract with a customer, and excludes any sales incentives and amounts collected on behalf of third parties. The Company follows a policy of recognizing revenue at a single point in time when it satisfies its performance obligation by transferring control over a product or service to a customer. The majority of the Company's contracts with customers have one performance obligation and a contract duration of one year or less. The Company applies the practical expedient in paragraph 10 50 14 of Topic 606 and does not disclose information about remaining performance obligations that have original expected durations of one year or less. For transportation service contracts, the Company recognizes revenue over time as the barge, ocean going vessel, truck, rail, or container freight moves towards its destination in accordance with the transfer of control guidance of Topic 606. The Company recognized revenue from transportation service contracts of $423 million, $515 million, and $481 million for the years ended December 31, 2020, 2019, and 2018, respectively. For physically settled derivative sales contracts that are outside the scope of Topic 606, the Company recognizes revenue when control of the inventory is transferred within the meaning of Topic 606 as required by ASC 610 20.",423,['Revenues'],us-gaap_Revenues,monetaryItemType,adm,"The Company recognized revenue from transportation service contracts of $423 million, $515 million, and $481 million for the years ended December 31, 2020, 2019, and 2018, respectively.",$423 million,MONEY,"The Company recognized revenue from transportation service contracts of $423 million, $515 million, and $481 million for the years ended December 31, 2020, 2019, and 2018, respectively.","['revenue from service contracts', 'service contracts', 'service contracts']","['revenue from service contracts', 0.960873007774353, 'what is revenue from service contracts ?', '$423 million']",revenue from service contracts,0.960873007774353,what is revenue from service contracts ?,$423 million,Transportation service contracts
29,"The Company principally generates revenue from merchandising and transporting agricultural commodities and manufactured products used as ingredients in food, feed, energy, and industrial products. Revenue is measured based on the consideration specified in the contract with a customer, and excludes any sales incentives and amounts collected on behalf of third parties. The Company follows a policy of recognizing revenue at a single point in time when it satisfies its performance obligation by transferring control over a product or service to a customer. The majority of the Company's contracts with customers have one performance obligation and a contract duration of one year or less. The Company applies the practical expedient in paragraph 10 50 14 of Topic 606 and does not disclose information about remaining performance obligations that have original expected durations of one year or less. For transportation service contracts, the Company recognizes revenue over time as the barge, ocean going vessel, truck, rail, or container freight moves towards its destination in accordance with the transfer of control guidance of Topic 606. The Company recognized revenue from transportation service contracts of $423 million, $515 million, and $481 million for the years ended December 31, 2020, 2019, and 2018, respectively. For physically settled derivative sales contracts that are outside the scope of Topic 606, the Company recognizes revenue when control of the inventory is transferred within the meaning of Topic 606 as required by ASC 610 20.",515,['Revenues'],us-gaap_Revenues,monetaryItemType,adm,"The Company recognized revenue from transportation service contracts of $423 million, $515 million, and $481 million for the years ended December 31, 2020, 2019, and 2018, respectively.",$515 million,MONEY,"The Company recognized revenue from transportation service contracts of $423 million, $515 million, and $481 million for the years ended December 31, 2020, 2019, and 2018, respectively.","['revenue from service contracts', 'service contracts', 'service contracts']","['transportation service contracts', 0.7802914977073669, 'What is $515 million ?', 'transportation service contracts']",transportation service contracts,0.7802914977073669,What is $515 million ?,transportation service contracts,recognized revenue from transportation service contracts
30,"The Company principally generates revenue from merchandising and transporting agricultural commodities and manufactured products used as ingredients in food, feed, energy, and industrial products. Revenue is measured based on the consideration specified in the contract with a customer, and excludes any sales incentives and amounts collected on behalf of third parties. The Company follows a policy of recognizing revenue at a single point in time when it satisfies its performance obligation by transferring control over a product or service to a customer. The majority of the Company's contracts with customers have one performance obligation and a contract duration of one year or less. The Company applies the practical expedient in paragraph 10 50 14 of Topic 606 and does not disclose information about remaining performance obligations that have original expected durations of one year or less. For transportation service contracts, the Company recognizes revenue over time as the barge, ocean going vessel, truck, rail, or container freight moves towards its destination in accordance with the transfer of control guidance of Topic 606. The Company recognized revenue from transportation service contracts of $423 million, $515 million, and $481 million for the years ended December 31, 2020, 2019, and 2018, respectively. For physically settled derivative sales contracts that are outside the scope of Topic 606, the Company recognizes revenue when control of the inventory is transferred within the meaning of Topic 606 as required by ASC 610 20.",481,['Revenues'],us-gaap_Revenues,monetaryItemType,adm,"The Company recognized revenue from transportation service contracts of $423 million, $515 million, and $481 million for the years ended December 31, 2020, 2019, and 2018, respectively.",$481 million,MONEY,"The Company recognized revenue from transportation service contracts of $423 million, $515 million, and $481 million for the years ended December 31, 2020, 2019, and 2018, respectively.","['revenue from service contracts', 'service contracts', 'service contracts']","['transportation service contracts', 0.5792386531829834, 'What is $481 million ?', 'transportation service contracts']",transportation service contracts,0.5792386531829834,What is $481 million ?,transportation service contracts,The Company recognized revenue from transportation service contracts
31,"Contract liabilities relate to advance payments from customers for goods and services that the Company has yet to provide. Contract liabilities of $626 million and $604 million as of December 31, 2020 and 2019, respectively, were recorded in accrued expenses and other payables in the consolidated balance sheet. Contract liabilities recognized as revenues for the years ended December 31, 2020 and 2019 were $604 million and $575 million, respectively.",626,"['Contract with Customer, Liability, Current']",us-gaap_ContractWithCustomerLiabilityCurrent,monetaryItemType,adm,"Contract liabilities of $626 million and $604 million as of December 31, 2020 and 2019, respectively, were recorded in accrued expenses and other payables in the consolidated balance sheet.",$626 million,MONEY,"Contract liabilities of $626 million and $604 million as of December 31, 2020 and 2019, respectively, were recorded in accrued expenses and other payables in the consolidated balance sheet.","['Contract liabilities', 'Contract liabilities', 'accrued expenses in consolidated balance sheet', 'Contract liabilities', 'consolidated balance sheet']","['Contract liabilities', 0.9726179242134094, 'What is $626 million ?', 'Contract liabilities']",Contract liabilities,0.9726179242134094,What is $626 million ?,Contract liabilities,"Contract liabilities as of December 31, 2020"
32,"Contract liabilities relate to advance payments from customers for goods and services that the Company has yet to provide. Contract liabilities of $626 million and $604 million as of December 31, 2020 and 2019, respectively, were recorded in accrued expenses and other payables in the consolidated balance sheet. Contract liabilities recognized as revenues for the years ended December 31, 2020 and 2019 were $604 million and $575 million, respectively.",604,"['Contract with Customer, Liability, Current']",us-gaap_ContractWithCustomerLiabilityCurrent,monetaryItemType,adm,"Contract liabilities of $626 million and $604 million as of December 31, 2020 and 2019, respectively, were recorded in accrued expenses and other payables in the consolidated balance sheet.",$604 million,MONEY,"Contract liabilities of $626 million and $604 million as of December 31, 2020 and 2019, respectively, were recorded in accrued expenses and other payables in the consolidated balance sheet.","['Contract liabilities', 'Contract liabilities', 'accrued expenses in consolidated balance sheet', 'Contract liabilities', 'consolidated balance sheet']","['Contract liabilities', 0.910767138004303, 'What is $604 million ?', 'Contract liabilities']",Contract liabilities,0.910767138004303,What is $604 million ?,Contract liabilities,Consolidated balance sheet accrued expenses and other payables
33,"Contract liabilities relate to advance payments from customers for goods and services that the Company has yet to provide. Contract liabilities of $626 million and $604 million as of December 31, 2020 and 2019, respectively, were recorded in accrued expenses and other payables in the consolidated balance sheet. Contract liabilities recognized as revenues for the years ended December 31, 2020 and 2019 were $604 million and $575 million, respectively.",604,"['Contract with Customer, Liability, Revenue Recognized']",us-gaap_ContractWithCustomerLiabilityRevenueRecognized,monetaryItemType,adm,"Contract liabilities of $626 million and $604 million as of December 31, 2020 and 2019, respectively, were recorded in accrued expenses and other payables in the consolidated balance sheet.",$604 million,MONEY,"Contract liabilities of $626 million and $604 million as of December 31, 2020 and 2019, respectively, were recorded in accrued expenses and other payables in the consolidated balance sheet.","['Contract liabilities', 'Contract liabilities', 'accrued expenses in consolidated balance sheet', 'Contract liabilities', 'consolidated balance sheet']","['Contract liabilities', 0.910767138004303, 'What is $604 million ?', 'Contract liabilities']",Contract liabilities,0.910767138004303,What is $604 million ?,Contract liabilities,Contract liabilities
34,"Contract liabilities relate to advance payments from customers for goods and services that the Company has yet to provide. Contract liabilities of $626 million and $604 million as of December 31, 2020 and 2019, respectively, were recorded in accrued expenses and other payables in the consolidated balance sheet. Contract liabilities recognized as revenues for the years ended December 31, 2020 and 2019 were $604 million and $575 million, respectively.",575,"['Contract with Customer, Liability, Revenue Recognized']",us-gaap_ContractWithCustomerLiabilityRevenueRecognized,monetaryItemType,adm,"Contract liabilities recognized as revenues for the years ended December 31, 2020 and 2019 were $604 million and $575 million, respectively.",$604 million and $575 million,MONEY,"Contract liabilities recognized as revenues for the years ended December 31, 2020 and 2019 were $604 million and $575 million, respectively.",['Contract liabilities'],"['Contract liabilities', 0.7227640748023987, 'What is $604 million and $575 million ?', 'Contract liabilities']",Contract liabilities,0.7227640748023987,What is $604 million and $575 million ?,Contract liabilities,Contract liabilities recognized as revenues
35,"During the year ended December 31, 2020, the Company acquired Yerbalatina and the remaining 70% interest in Anco Animal Nutrition Competence GmbH (""Anco"") for an aggregate cash consideration of $15 million. The aggregate cash consideration of these acquisitions plus the $3 million acquisition date value of the Company's previously held equity interest in Anco, were allocated as follows:",70,"['Noncontrolling Interest, Ownership Percentage by Noncontrolling Owners']",us-gaap_MinorityInterestOwnershipPercentageByNoncontrollingOwners,percentItemType,adm,"During the year ended December 31, 2020, the Company acquired Yerbalatina and the remaining 70% interest in Anco Animal Nutrition Competence GmbH (“Anco”) for an aggregate cash consideration of $15 million.",70%,PERCENT,"During the year ended December 31, 2020, the Company acquired Yerbalatina and the remaining 70% interest in Anco Animal Nutrition Competence GmbH  for an aggregate cash consideration of $15 million.","['remaining % interest in Competence GmbH', 'aggregate cash consideration', 'aggregate cash consideration']","['', 0, '', '']",,0.0,,,Yerbalatina and Anco Animal Nutrition Competence GmbH
36,"During the year ended December 31, 2020, the Company acquired Yerbalatina and the remaining 70% interest in Anco Animal Nutrition Competence GmbH (""Anco"") for an aggregate cash consideration of $15 million. The aggregate cash consideration of these acquisitions plus the $3 million acquisition date value of the Company's previously held equity interest in Anco, were allocated as follows:",15,"['Payments to Acquire Businesses, Gross']",us-gaap_PaymentsToAcquireBusinessesGross,monetaryItemType,adm,"During the year ended December 31, 2020, the Company acquired Yerbalatina and the remaining 70% interest in Anco Animal Nutrition Competence GmbH (“Anco”) for an aggregate cash consideration of $15 million.",$15 million,MONEY,"During the year ended December 31, 2020, the Company acquired Yerbalatina and the remaining 70% interest in Anco Animal Nutrition Competence GmbH  for an aggregate cash consideration of $15 million.","['remaining % interest in Competence GmbH', 'aggregate cash consideration', 'aggregate cash consideration']","['aggregate cash consideration', 0.9120050668716431, 'what is aggregate cash consideration ?', '$15 million']",aggregate cash consideration,0.9120050668716432,what is aggregate cash consideration ?,$15 million,Yerbalatina and Anco Animal Nutrition Competence GmbH
37,"The Company recognized a pre tax gain of $2 million on the Anco transaction, representing the difference between the carrying value and acquisition date fair value of the Company's previously held equity interest. The acquisition date fair value was determined based on a discounted cash flow analysis using market participant assumptions (a Level 3 measurement under applicable accounting standards).",2,"['Business Combination, Step Acquisition, Equity Interest in Acquiree, Remeasurement Gain']",us-gaap_BusinessCombinationStepAcquisitionEquityInterestInAcquireeRemeasurementGain,monetaryItemType,adm,"The Company recognized a pre tax gain of $2 million on the Anco transaction, representing the difference between the carrying value and acquisition date fair value of the Company’s previously held equity interest.",$2 million,MONEY,"The Company recognized a pre tax gain of $2 million on the Anco transaction, representing the difference between the carrying value and acquisition date fair value of the Company’s previously held equity interest.","['pre tax gain', 'pre tax gain on Anco transaction', 'difference between fair value', 'fair value of Company', 'pre tax gain', 'Anco transaction', 'fair value', 'equity interest']","['pre tax gain on Anco transaction', 0.9940264821052551, 'what is pre tax gain on Anco transaction ?', '$2 million']",pre tax gain on Anco transaction,0.9940264821052552,what is pre tax gain on Anco transaction ?,$2 million,Pre tax gain on the Anco transaction
38,"During the year ended December 31, 2019, the Company acquired Neovia SAS (""Neovia""), Florida Chemical Company (""FCC""), The Ziegler Group (""Ziegler""), and the remaining 50% interest in Gleadell Agriculture Ltd (""Gleadell""), for an aggregate cash consideration of $2.0 billion. The aggregate cash consideration of these acquisitions, net of $95 million in cash acquired, plus the $15 million acquisition date value of the Company's previously held equity interest in Gleadell, was allocated as follows:",50,"['Noncontrolling Interest, Ownership Percentage by Noncontrolling Owners']",us-gaap_MinorityInterestOwnershipPercentageByNoncontrollingOwners,percentItemType,adm,"During the year ended December 31, 2019, the Company acquired Neovia SAS (“Neovia”), Florida Chemical Company (“FCC”), The Ziegler Group (“Ziegler”), and the remaining 50% interest in Gleadell Agriculture Ltd (“Gleadell”), for an aggregate cash consideration of $2.0 billion.",50%,PERCENT,"During the year ended December 31, 2019, the Company acquired Neovia SAS , Florida Chemical Company , The Ziegler Group , and the remaining 50% interest in Gleadell Agriculture Ltd , for an aggregate cash consideration of $2.0 billion.","['remaining % interest in Gleadell Agriculture Ltd', 'aggregate cash consideration', 'aggregate cash consideration']","['remaining % interest in Gleadell Agriculture Ltd', 0.5157179832458496, 'what is remaining % interest in Gleadell Agriculture Ltd ?', '50%']",remaining % interest in Gleadell Agriculture Ltd,0.5157179832458496,what is remaining % interest in Gleadell Agriculture Ltd ?,50%,Gleadell Agriculture Ltd
39,"During the year ended December 31, 2019, the Company acquired Neovia SAS (""Neovia""), Florida Chemical Company (""FCC""), The Ziegler Group (""Ziegler""), and the remaining 50% interest in Gleadell Agriculture Ltd (""Gleadell""), for an aggregate cash consideration of $2.0 billion. The aggregate cash consideration of these acquisitions, net of $95 million in cash acquired, plus the $15 million acquisition date value of the Company's previously held equity interest in Gleadell, was allocated as follows:",2.0,"['Payments to Acquire Businesses, Gross']",us-gaap_PaymentsToAcquireBusinessesGross,monetaryItemType,adm,"During the year ended December 31, 2019, the Company acquired Neovia SAS (“Neovia”), Florida Chemical Company (“FCC”), The Ziegler Group (“Ziegler”), and the remaining 50% interest in Gleadell Agriculture Ltd (“Gleadell”), for an aggregate cash consideration of $2.0 billion.",$2.0 billion,MONEY,"During the year ended December 31, 2019, the Company acquired Neovia SAS , Florida Chemical Company , The Ziegler Group , and the remaining 50% interest in Gleadell Agriculture Ltd , for an aggregate cash consideration of $2.0 billion.","['remaining % interest in Gleadell Agriculture Ltd', 'aggregate cash consideration', 'aggregate cash consideration']","['aggregate cash consideration', 0.9569396376609802, 'what is aggregate cash consideration ?', '$2.0 billion']",aggregate cash consideration,0.9569396376609802,what is aggregate cash consideration ?,$2.0 billion,aggregate cash consideration
40,"During the year ended December 31, 2019, the Company acquired Neovia SAS (""Neovia""), Florida Chemical Company (""FCC""), The Ziegler Group (""Ziegler""), and the remaining 50% interest in Gleadell Agriculture Ltd (""Gleadell""), for an aggregate cash consideration of $2.0 billion. The aggregate cash consideration of these acquisitions, net of $95 million in cash acquired, plus the $15 million acquisition date value of the Company's previously held equity interest in Gleadell, was allocated as follows:",95,['Cash Acquired from Acquisition'],us-gaap_CashAcquiredFromAcquisition,monetaryItemType,adm,"The aggregate cash consideration of these acquisitions, net of $95 million in cash acquired, plus the $15 million acquisition date value of the Company’s previously held equity interest in Gleadell, was allocated as follows:",$95 million,MONEY,"The aggregate cash consideration of these acquisitions, net of $95 million in cash acquired, plus the $15 million acquisition date value of the Company’s previously held equity interest in Gleadell, was allocated as follows:","['aggregate cash consideration of acquisitions', 'net', 'date value of Company', 'equity interest in Gleadell', 'aggregate cash consideration', 'date value', 'equity interest']","['cash acquired', 0.7508180737495422, 'What is $95 million ?', 'cash acquired']",cash acquired,0.7508180737495422,What is $95 million ?,cash acquired,Cash Consideration
41,"During the year ended December 31, 2019, the Company acquired Neovia SAS (""Neovia""), Florida Chemical Company (""FCC""), The Ziegler Group (""Ziegler""), and the remaining 50% interest in Gleadell Agriculture Ltd (""Gleadell""), for an aggregate cash consideration of $2.0 billion. The aggregate cash consideration of these acquisitions, net of $95 million in cash acquired, plus the $15 million acquisition date value of the Company's previously held equity interest in Gleadell, was allocated as follows:",15,"['Business Combination, Step Acquisition, Equity Interest in Acquiree, Fair Value']",us-gaap_BusinessCombinationStepAcquisitionEquityInterestInAcquireeFairValue1,monetaryItemType,adm,"The aggregate cash consideration of these acquisitions, net of $95 million in cash acquired, plus the $15 million acquisition date value of the Company’s previously held equity interest in Gleadell, was allocated as follows:",$15 million,MONEY,"The aggregate cash consideration of these acquisitions, net of $95 million in cash acquired, plus the $15 million acquisition date value of the Company’s previously held equity interest in Gleadell, was allocated as follows:","['aggregate cash consideration of acquisitions', 'net', 'date value of Company', 'equity interest in Gleadell', 'aggregate cash consideration', 'date value', 'equity interest']","['date value of Company', 0.972841203212738, 'what is date value of Company ?', '$15 million']",date value of Company,0.972841203212738,what is date value of Company ?,$15 million,The Company's previously held equity interest
42,"Of the $900 million allocated to goodwill, $94 million is expected to be deductible for tax purposes.",900,['Goodwill'],us-gaap_Goodwill,monetaryItemType,adm,"Of the $900 million allocated to goodwill, $94 million is expected to be deductible for tax purposes.",$900 million,MONEY,"Of the $900 million allocated to goodwill, $94 million is expected to be deductible for tax purposes.",['tax purposes'],"['goodwill', 0.7208974361419678, 'What is $900 million ?', 'goodwill']",goodwill,0.7208974361419678,What is $900 million ?,goodwill,Allocated to goodwill
43,"Of the $900 million allocated to goodwill, $94 million is expected to be deductible for tax purposes.",94,"['Business Acquisition, Goodwill, Expected Tax Deductible Amount']",us-gaap_BusinessAcquisitionPurchasePriceAllocationGoodwillExpectedTaxDeductibleAmount,monetaryItemType,adm,"Of the $900 million allocated to goodwill, $94 million is expected to be deductible for tax purposes.",$94 million,MONEY,"Of the $900 million allocated to goodwill, $94 million is expected to be deductible for tax purposes.",['tax purposes'],"['deductible for tax purposes', 0.37017199397087097, 'What is $94 million ?', 'deductible for tax purposes']",deductible for tax purposes,0.3701719939708709,What is $94 million ?,deductible for tax purposes,Expected to be deductible for tax purposes
44,"The Company recognized a pre tax gain of $4 million on the Gleadell transaction, representing the difference between the carrying value and acquisition date fair value of the Company's previously held equity interest. The acquisition date fair value was determined based on a discounted cash flow analysis using market participant assumptions (a Level 3 measurement under applicable accounting standards).",4,"['Business Combination, Step Acquisition, Equity Interest in Acquiree, Remeasurement Gain']",us-gaap_BusinessCombinationStepAcquisitionEquityInterestInAcquireeRemeasurementGain,monetaryItemType,adm,"The Company recognized a pre tax gain of $4 million on the Gleadell transaction, representing the difference between the carrying value and acquisition date fair value of the Company’s previously held equity interest.",$4 million,MONEY,"The Company recognized a pre tax gain of $4 million on the Gleadell transaction, representing the difference between the carrying value and acquisition date fair value of the Company’s previously held equity interest.","['pre tax gain', 'pre tax gain on Gleadell transaction', 'difference between fair value', 'fair value of Company', 'pre tax gain', 'Gleadell transaction', 'fair value', 'equity interest']","['pre tax gain on Gleadell transaction', 0.9931219220161438, 'what is pre tax gain on Gleadell transaction ?', '$4 million']",pre tax gain on Gleadell transaction,0.9931219220161438,what is pre tax gain on Gleadell transaction ?,$4 million,Pre-tax gain on the Gleadell transaction
45,"During the year ended December 31, 2018, the Company acquired Probiotics International Limited (also known as Protexin), a British based provider of probiotic supplements for human, pet, and production animal uses, Rodelle Inc., a premium originator, processor and supplier of vanilla products, and certain soybean origination, crushing, refining, and bottling assets of Brazil based Algar Agro, for an aggregate cash consideration of $506 million. The aggregate cash consideration of these acquisitions, net of $42 million in cash acquired, was allocated as follows:",506,"['Payments to Acquire Businesses, Gross']",us-gaap_PaymentsToAcquireBusinessesGross,monetaryItemType,adm,"During the year ended December 31, 2018, the Company acquired Probiotics International Limited (also known as Protexin), a British based provider of probiotic supplements for human, pet, and production animal uses, Rodelle Inc., a premium originator, processor and supplier of vanilla products, and certain soybean origination, crushing, refining, and bottling assets of Brazil based Algar Agro, for an aggregate cash consideration of $506 million.",$506 million,MONEY,"During the year ended December 31, 2018, the Company acquired Probiotics International Limited , a British based provider of probiotic supplements for human, pet, and production animal uses, Rodelle Inc., a premium originator, processor and supplier of vanilla products, and certain soybean origination, crushing, refining, and bottling assets of Brazil based Algar Agro, for an aggregate cash consideration of $506 million.","['based provider of probiotic supplements', 'based provider for human animal uses', 'processor of vanilla products', 'bottling assets of Brazil', 'aggregate cash consideration', 'probiotic supplements', 'human animal uses', 'vanilla products', 'aggregate cash consideration']","['aggregate cash consideration', 0.702244222164154, 'what is aggregate cash consideration ?', '$506 million']",aggregate cash consideration,0.702244222164154,what is aggregate cash consideration ?,$506 million,"Probiotics International Limited
Rodelle Inc.
Algar Agro"
46,"During the year ended December 31, 2018, the Company acquired Probiotics International Limited (also known as Protexin), a British based provider of probiotic supplements for human, pet, and production animal uses, Rodelle Inc., a premium originator, processor and supplier of vanilla products, and certain soybean origination, crushing, refining, and bottling assets of Brazil based Algar Agro, for an aggregate cash consideration of $506 million. The aggregate cash consideration of these acquisitions, net of $42 million in cash acquired, was allocated as follows:",42,['Cash Acquired from Acquisition'],us-gaap_CashAcquiredFromAcquisition,monetaryItemType,adm,"The aggregate cash consideration of these acquisitions, net of $42 million in cash acquired, was allocated as follows:",$42 million,MONEY,"The aggregate cash consideration of these acquisitions, net of $42 million in cash acquired, was allocated as follows:","['aggregate cash consideration of acquisitions', 'net', 'aggregate cash consideration']","['cash acquired', 0.7573615908622742, 'What is $42 million ?', 'cash acquired']",cash acquired,0.7573615908622742,What is $42 million ?,cash acquired,Cash consideration of acquisitions
47,"(1) Includes increase in unrealized gains of $1.7 billion relating to Level 3 assets still held at December 31, 2020.",1.7,"['Fair Value, Asset, Recurring Basis, Still Held, Unrealized Gain']",us-gaap_FairValueAssetsMeasuredOnRecurringBasisChangeInUnrealizedGainLoss,monetaryItemType,adm,"(1) Includes increase in unrealized gains of $1.7 billion relating to Level 3 assets still held at December 31, 2020.",$1.7 billion,MONEY,"1 Includes increase in unrealized gains of $1.7 billion relating to Level 3 assets still held at December 31, 2020.","['increase in unrealized gains', 'unrealized gains', 'unrealized gains']","['increase in unrealized gains', 0.9651688933372498, 'what is increase in unrealized gains ?', '$1.7 billion']",increase in unrealized gains,0.9651688933372498,what is increase in unrealized gains ?,$1.7 billion,Unrealized gains relating to Level 3 assets
48,"(1) Includes increase in unrealized losses of $1.8 billion relating to Level 3 liabilities still held at December 31, 2020.",1.8,[],us-gaap_FairValueLiabilitiesMeasuredOnRecurringBasisChangeInUnrealizedGainLoss,monetaryItemType,adm,"(1) Includes increase in unrealized losses of $1.8 billion relating to Level 3 liabilities still held at December 31, 2020.",$1.8 billion,MONEY,"1 Includes increase in unrealized losses of $1.8 billion relating to Level 3 liabilities still held at December 31, 2020.","['increase in unrealized losses', 'unrealized losses', 'unrealized losses']","['increase in unrealized losses', 0.8812346458435059, 'what is increase in unrealized losses ?', '$1.8 billion']",increase in unrealized losses,0.8812346458435059,what is increase in unrealized losses ?,$1.8 billion,Unrealized losses relating to Level 3 liabilities
49,"(1) Includes increase in unrealized gains of $900 million relating to Level 3 assets still held at December 31, 2019.",900,"['Fair Value, Asset, Recurring Basis, Still Held, Unrealized Gain']",us-gaap_FairValueAssetsMeasuredOnRecurringBasisChangeInUnrealizedGainLoss,monetaryItemType,adm,"(1) Includes increase in unrealized gains of $900 million relating to Level 3 assets still held at December 31, 2019.",$900 million,MONEY,"1 Includes increase in unrealized gains of $900 million relating to Level 3 assets still held at December 31, 2019.","['increase in unrealized gains', 'unrealized gains', 'unrealized gains']","['increase in unrealized gains', 0.9629778861999512, 'what is increase in unrealized gains ?', '$900 million']",increase in unrealized gains,0.9629778861999512,what is increase in unrealized gains ?,$900 million,Level 3 assets
